# Added half-km points near center of mesh
0.000 0.000 0.000
0.5 0.0 0.0
1.000 0.000 0.000
1.5 0.0 0.0
2.000 0.000 0.000
2.5 0.0 0.0
3.000 0.000 0.000
3.5 0.0 0.0
4.000 0.000 0.000
4.5 0.0 0.0 
5.000 0.000 0.000
5.5 0 0
6.000 0.000 0.000
6.5 0 0
7.000 0.000 0.000
7.5 0 0 
8.000 0.000 0.000
8.5 0 0
9.000 0.000 0.000
9.5 0 0
10.000 0.000 0.000
10.5 0 0
11.000 0.000 0.000
11.5 0 0
12.000 0.000 0.000
12.5 0 0
13.000 0.000 0.000
13.5 0 0 
14.000 0.000 0.000
14.5 0 0 
15.000 0.000 0.000
15.5 0 0
16.000 0.000 0.000
16.5 0 0
17.000 0.000 0.000
17.5 0 0
18.000 0.000 0.000
18.5 0 0
19.000 0.000 0.000
19.5 0 0
20.000 0.000 0.000
20.5 0 0
21.000 0.000 0.000
21.5 0 0
22.000 0.000 0.000
22.5 0 0
23.000 0.000 0.000
23.5 0 0 
24.000 0.000 0.000
24.5 0 0
25.000 0.000 0.000
26.000 0.000 0.000
27.000 0.000 0.000
28.000 0.000 0.000
29.000 0.000 0.000
30.000 0.000 0.000
31.000 0.000 0.000
32.000 0.000 0.000
33.000 0.000 0.000
34.000 0.000 0.000
35.000 0.000 0.000
36.000 0.000 0.000
37.000 0.000 0.000
38.000 0.000 0.000
39.000 0.000 0.000
40.000 0.000 0.000
41.000 0.000 0.000
42.000 0.000 0.000
43.000 0.000 0.000
#44.000 0.000 0.000
#45.000 0.000 0.000
46.000 0.000 0.000
47.000 0.000 0.000
48.000 0.000 0.000
49.000 0.000 0.000
50.000 0.000 0.000
#51.000 0.000 0.000
#52.000 0.000 0.000
#53.000 0.000 0.000
#54.000 0.000 0.000
55.000 0.000 0.000
#56.000 0.000 0.000
#57.000 0.000 0.000
#58.000 0.000 0.000
#59.000 0.000 0.000
60.000 0.000 0.000
#61.000 0.000 0.000
#62.000 0.000 0.000
#63.000 0.000 0.000
#64.000 0.000 0.000
65.000 0.000 0.000
#66.000 0.000 0.000
#67.000 0.000 0.000
#68.000 0.000 0.000
#69.000 0.000 0.000
70.000 0.000 0.000
#71.000 0.000 0.000
#72.000 0.000 0.000
#73.000 0.000 0.000
#74.000 0.000 0.000
75.000 0.000 0.000
#76.000 0.000 0.000
#77.000 0.000 0.000
#78.000 0.000 0.000
#79.000 0.000 0.000
80.000 0.000 0.000
#81.000 0.000 0.000
#82.000 0.000 0.000
#83.000 0.000 0.000
#84.000 0.000 0.000
85.000 0.000 0.000
#86.000 0.000 0.000
#87.000 0.000 0.000
#88.000 0.000 0.000
#89.000 0.000 0.000
90.000 0.000 0.000
#91.000 0.000 0.000
#92.000 0.000 0.000
#93.000 0.000 0.000
#94.000 0.000 0.000
95.000 0.000 0.000
#96.000 0.000 0.000
#97.000 0.000 0.000
#98.000 0.000 0.000
#99.000 0.000 0.000
100.000 0.000 0.000
