-100000.0000 -100000.0000       0.0000
-100000.0000  -90000.0000       0.0000
-100000.0000  -80000.0000       0.0000
-100000.0000  -70000.0000       0.0000
-100000.0000  -60000.0000       0.0000
-100000.0000  -50000.0000       0.0000
-100000.0000  -40000.0000       0.0000
-100000.0000  -30000.0000       0.0000
-100000.0000  -20000.0000       0.0000
-100000.0000  -10000.0000       0.0000
-100000.0000       0.0000       0.0000
-100000.0000   10000.0000       0.0000
-100000.0000   20000.0000       0.0000
-100000.0000   30000.0000       0.0000
-100000.0000   40000.0000       0.0000
-100000.0000   50000.0000       0.0000
-100000.0000   60000.0000       0.0000
-100000.0000   70000.0000       0.0000
-100000.0000   80000.0000       0.0000
-100000.0000   90000.0000       0.0000
-100000.0000  100000.0000       0.0000
 -90000.0000 -100000.0000       0.0000
 -90000.0000  -90000.0000       0.0000
 -90000.0000  -80000.0000       0.0000
 -90000.0000  -70000.0000       0.0000
 -90000.0000  -50000.0000       0.0000
 -90000.0000  -40000.0000       0.0000
 -90000.0000  -30000.0000       0.0000
 -90000.0000  -20000.0000       0.0000
 -90000.0000  -10000.0000       0.0000
 -90000.0000       0.0000       0.0000
 -90000.0000   10000.0000       0.0000
 -90000.0000   20000.0000       0.0000
 -90000.0000   30000.0000       0.0000
 -90000.0000   40000.0000       0.0000
 -90000.0000   50000.0000       0.0000
 -90000.0000   70000.0000       0.0000
 -90000.0000   80000.0000       0.0000
 -90000.0000   90000.0000       0.0000
 -90000.0000  100000.0000       0.0000
 -90000.0000  -60000.0000       0.0000
 -90000.0000   60000.0000       0.0000
 -80000.0000 -100000.0000       0.0000
 -80000.0000  -90000.0000       0.0000
 -80000.0000  -70000.0000       0.0000
 -80000.0000  -50000.0000       0.0000
 -80000.0000  -40000.0000       0.0000
 -80000.0000  -30000.0000       0.0000
 -80000.0000  -20000.0000       0.0000
 -80000.0000  -10000.0000       0.0000
 -80000.0000       0.0000       0.0000
 -80000.0000   10000.0000       0.0000
 -80000.0000   20000.0000       0.0000
 -80000.0000   30000.0000       0.0000
 -80000.0000   40000.0000       0.0000
 -80000.0000   50000.0000       0.0000
 -80000.0000   70000.0000       0.0000
 -80000.0000   90000.0000       0.0000
 -80000.0000  100000.0000       0.0000
 -80000.0000  -80000.0000       0.0000
 -80000.0000  -60000.0000       0.0000
 -80000.0000   60000.0000       0.0000
 -80000.0000   80000.0000       0.0000
 -70000.0000  -90000.0000       0.0000
 -70000.0000   90000.0000       0.0000
 -70000.0000 -100000.0000       0.0000
 -70000.0000  -80000.0000       0.0000
 -70000.0000  -70000.0000       0.0000
 -70000.0000  -60000.0000       0.0000
 -70000.0000  -50000.0000       0.0000
 -70000.0000  -40000.0000       0.0000
 -70000.0000  -30000.0000       0.0000
 -70000.0000  -20000.0000       0.0000
 -70000.0000  -10000.0000       0.0000
 -70000.0000       0.0000       0.0000
 -70000.0000   10000.0000       0.0000
 -70000.0000   20000.0000       0.0000
 -70000.0000   30000.0000       0.0000
 -70000.0000   40000.0000       0.0000
 -70000.0000   50000.0000       0.0000
 -70000.0000   60000.0000       0.0000
 -70000.0000   70000.0000       0.0000
 -70000.0000   80000.0000       0.0000
 -70000.0000  100000.0000       0.0000
 -60000.0000  -90000.0000       0.0000
 -60000.0000   50000.0000       0.0000
 -60000.0000   90000.0000       0.0000
 -60000.0000 -100000.0000       0.0000
 -60000.0000  -80000.0000       0.0000
 -60000.0000  -70000.0000       0.0000
 -60000.0000  -60000.0000       0.0000
 -60000.0000  -50000.0000       0.0000
 -60000.0000  -40000.0000       0.0000
 -60000.0000  -30000.0000       0.0000
 -60000.0000  -20000.0000       0.0000
 -60000.0000  -10000.0000       0.0000
 -60000.0000       0.0000       0.0000
 -60000.0000   10000.0000       0.0000
 -60000.0000   20000.0000       0.0000
 -60000.0000   30000.0000       0.0000
 -60000.0000   40000.0000       0.0000
 -60000.0000   60000.0000       0.0000
 -60000.0000   70000.0000       0.0000
 -60000.0000   80000.0000       0.0000
 -60000.0000  100000.0000       0.0000
 -50000.0000 -100000.0000       0.0000
 -50000.0000  -90000.0000       0.0000
 -50000.0000  -80000.0000       0.0000
 -50000.0000  -70000.0000       0.0000
 -50000.0000  -60000.0000       0.0000
 -50000.0000  -50000.0000       0.0000
 -50000.0000  -40000.0000       0.0000
 -50000.0000  -30000.0000       0.0000
 -50000.0000  -20000.0000       0.0000
 -50000.0000  -10000.0000       0.0000
 -50000.0000       0.0000       0.0000
 -50000.0000   10000.0000       0.0000
 -50000.0000   20000.0000       0.0000
 -50000.0000   30000.0000       0.0000
 -50000.0000   40000.0000       0.0000
 -50000.0000   50000.0000       0.0000
 -50000.0000   60000.0000       0.0000
 -50000.0000   70000.0000       0.0000
 -50000.0000   80000.0000       0.0000
 -50000.0000   90000.0000       0.0000
 -50000.0000  100000.0000       0.0000
 -40000.0000 -100000.0000       0.0000
 -40000.0000  -90000.0000       0.0000
 -40000.0000  -70000.0000       0.0000
 -40000.0000  -50000.0000       0.0000
 -40000.0000  -40000.0000       0.0000
 -40000.0000  -30000.0000       0.0000
 -40000.0000  -20000.0000       0.0000
 -40000.0000  -10000.0000       0.0000
 -40000.0000       0.0000       0.0000
 -40000.0000   10000.0000       0.0000
 -40000.0000   20000.0000       0.0000
 -40000.0000   30000.0000       0.0000
 -40000.0000   40000.0000       0.0000
 -40000.0000   50000.0000       0.0000
 -40000.0000   70000.0000       0.0000
 -40000.0000   90000.0000       0.0000
 -40000.0000  100000.0000       0.0000
 -40000.0000  -80000.0000       0.0000
 -40000.0000  -60000.0000       0.0000
 -40000.0000   60000.0000       0.0000
 -40000.0000   80000.0000       0.0000
 -30000.0000  -90000.0000       0.0000
 -30000.0000   50000.0000       0.0000
 -30000.0000   90000.0000       0.0000
 -30000.0000 -100000.0000       0.0000
 -30000.0000  -80000.0000       0.0000
 -30000.0000  -70000.0000       0.0000
 -30000.0000  -60000.0000       0.0000
 -30000.0000  -50000.0000       0.0000
 -30000.0000  -40000.0000       0.0000
 -30000.0000  -30000.0000       0.0000
 -30000.0000  -20000.0000       0.0000
# -30000.0000  -10000.0000       0.0000
 -30000.0000       0.0000       0.0000
 -30000.0000   10000.0000       0.0000
 -30000.0000   20000.0000       0.0000
 -30000.0000   30000.0000       0.0000
 -30000.0000   40000.0000       0.0000
 -30000.0000   60000.0000       0.0000
 -30000.0000   70000.0000       0.0000
 -30000.0000   80000.0000       0.0000
 -30000.0000  100000.0000       0.0000
 -20000.0000 -100000.0000       0.0000
 -20000.0000  -90000.0000       0.0000
 -20000.0000  -70000.0000       0.0000
 -20000.0000  -50000.0000       0.0000
 -20000.0000  -40000.0000       0.0000
 -20000.0000  -30000.0000       0.0000
 -20000.0000  -20000.0000       0.0000
 -20000.0000  -10000.0000       0.0000
 -20000.0000       0.0000       0.0000
 -20000.0000   10000.0000       0.0000
 -20000.0000   20000.0000       0.0000
 -20000.0000   30000.0000       0.0000
 -20000.0000   40000.0000       0.0000
 -20000.0000   50000.0000       0.0000
 -20000.0000   70000.0000       0.0000
 -20000.0000   90000.0000       0.0000
 -20000.0000  100000.0000       0.0000
 -20000.0000  -80000.0000       0.0000
 -20000.0000  -60000.0000       0.0000
 -20000.0000   60000.0000       0.0000
 -20000.0000   80000.0000       0.0000
 -10000.0000 -100000.0000       0.0000
 -10000.0000  -90000.0000       0.0000
 -10000.0000  -70000.0000       0.0000
 -10000.0000  -50000.0000       0.0000
 -10000.0000  -40000.0000       0.0000
 -10000.0000  -30000.0000       0.0000
 -10000.0000  -20000.0000       0.0000
 -10000.0000  -10000.0000       0.0000
 -10000.0000       0.0000       0.0000
 -10000.0000   10000.0000       0.0000
 -10000.0000   20000.0000       0.0000
 -10000.0000   30000.0000       0.0000
 -10000.0000   40000.0000       0.0000
 -10000.0000   50000.0000       0.0000
 -10000.0000   70000.0000       0.0000
 -10000.0000   90000.0000       0.0000
 -10000.0000  100000.0000       0.0000
 -10000.0000  -80000.0000       0.0000
 -10000.0000  -60000.0000       0.0000
 -10000.0000   60000.0000       0.0000
 -10000.0000   80000.0000       0.0000
      0.0000 -100000.0000       0.0000
      0.0000  -90000.0000       0.0000
      0.0000  -80000.0000       0.0000
      0.0000  -70000.0000       0.0000
      0.0000  -60000.0000       0.0000
      0.0000  -50000.0000       0.0000
      0.0000  -40000.0000       0.0000
      0.0000  -30000.0000       0.0000
      0.0000  -20000.0000       0.0000
      0.0000  -10000.0000       0.0000
      0.0000       0.0000       0.0000
      0.0000   10000.0000       0.0000
      0.0000   20000.0000       0.0000
      0.0000   30000.0000       0.0000
      0.0000   40000.0000       0.0000
      0.0000   50000.0000       0.0000
      0.0000   60000.0000       0.0000
      0.0000   70000.0000       0.0000
      0.0000   80000.0000       0.0000
      0.0000   90000.0000       0.0000
      0.0000  100000.0000       0.0000
# 10000.0000  -80000.0000       0.0000
  10000.0000  -60000.0000       0.0000
  10000.0000   60000.0000       0.0000
  10000.0000   80000.0000       0.0000
  10000.0000 -100000.0000       0.0000
  10000.0000  -90000.0000       0.0000
  10000.0000  -70000.0000       0.0000
  10000.0000  -50000.0000       0.0000
  10000.0000  -40000.0000       0.0000
  10000.0000  -30000.0000       0.0000
  10000.0000  -20000.0000       0.0000
  10000.0000  -10000.0000       0.0000
  10000.0000       0.0000       0.0000
  10000.0000   10000.0000       0.0000
  10000.0000   20000.0000       0.0000
  10000.0000   30000.0000       0.0000
  10000.0000   40000.0000       0.0000
  10000.0000   50000.0000       0.0000
  10000.0000   70000.0000       0.0000
  10000.0000   90000.0000       0.0000
  10000.0000  100000.0000       0.0000
  20000.0000  -80000.0000       0.0000
  20000.0000  -60000.0000       0.0000
  20000.0000   60000.0000       0.0000
  20000.0000   80000.0000       0.0000
  20000.0000 -100000.0000       0.0000
  20000.0000  -90000.0000       0.0000
  20000.0000  -70000.0000       0.0000
  20000.0000  -50000.0000       0.0000
  20000.0000  -40000.0000       0.0000
  20000.0000  -30000.0000       0.0000
  20000.0000  -20000.0000       0.0000
  20000.0000  -10000.0000       0.0000
  20000.0000       0.0000       0.0000
  20000.0000   10000.0000       0.0000
  20000.0000   20000.0000       0.0000
  20000.0000   30000.0000       0.0000
  20000.0000   40000.0000       0.0000
  20000.0000   50000.0000       0.0000
  20000.0000   70000.0000       0.0000
  20000.0000   90000.0000       0.0000
  20000.0000  100000.0000       0.0000
  30000.0000 -100000.0000       0.0000
  30000.0000  -80000.0000       0.0000
  30000.0000  -70000.0000       0.0000
  30000.0000  -60000.0000       0.0000
  30000.0000  -40000.0000       0.0000
  30000.0000  -30000.0000       0.0000
  30000.0000  -20000.0000       0.0000
  30000.0000  -10000.0000       0.0000
  30000.0000       0.0000       0.0000
  30000.0000   10000.0000       0.0000
  30000.0000   20000.0000       0.0000
  30000.0000   30000.0000       0.0000
# 30000.0000   40000.0000       0.0000
  30000.0000   50000.0000       0.0000
  30000.0000   60000.0000       0.0000
  30000.0000   70000.0000       0.0000
  30000.0000   80000.0000       0.0000
  30000.0000  100000.0000       0.0000
  30000.0000  -90000.0000       0.0000
  30000.0000  -50000.0000       0.0000
  30000.0000   90000.0000       0.0000
  40000.0000  -80000.0000       0.0000
  40000.0000  -60000.0000       0.0000
  40000.0000   60000.0000       0.0000
  40000.0000   80000.0000       0.0000
  40000.0000 -100000.0000       0.0000
  40000.0000  -90000.0000       0.0000
  40000.0000  -70000.0000       0.0000
  40000.0000  -50000.0000       0.0000
  40000.0000  -40000.0000       0.0000
  40000.0000  -30000.0000       0.0000
  40000.0000  -20000.0000       0.0000
  40000.0000  -10000.0000       0.0000
  40000.0000       0.0000       0.0000
  40000.0000   10000.0000       0.0000
  40000.0000   20000.0000       0.0000
  40000.0000   30000.0000       0.0000
  40000.0000   40000.0000       0.0000
  40000.0000   50000.0000       0.0000
  40000.0000   70000.0000       0.0000
  40000.0000   90000.0000       0.0000
  40000.0000  100000.0000       0.0000
  50000.0000 -100000.0000       0.0000
  50000.0000  -90000.0000       0.0000
  50000.0000  -80000.0000       0.0000
  50000.0000  -70000.0000       0.0000
  50000.0000  -60000.0000       0.0000
  50000.0000  -50000.0000       0.0000
  50000.0000  -40000.0000       0.0000
  50000.0000  -30000.0000       0.0000
  50000.0000  -20000.0000       0.0000
  50000.0000  -10000.0000       0.0000
  50000.0000       0.0000       0.0000
  50000.0000   10000.0000       0.0000
  50000.0000   20000.0000       0.0000
  50000.0000   30000.0000       0.0000
  50000.0000   40000.0000       0.0000
  50000.0000   50000.0000       0.0000
  50000.0000   60000.0000       0.0000
  50000.0000   70000.0000       0.0000
  50000.0000   80000.0000       0.0000
  50000.0000   90000.0000       0.0000
  50000.0000  100000.0000       0.0000
  60000.0000 -100000.0000       0.0000
  60000.0000  -80000.0000       0.0000
  60000.0000  -70000.0000       0.0000
  60000.0000  -60000.0000       0.0000
  60000.0000  -40000.0000       0.0000
  60000.0000  -30000.0000       0.0000
  60000.0000  -20000.0000       0.0000
  60000.0000  -10000.0000       0.0000
  60000.0000       0.0000       0.0000
  60000.0000   10000.0000       0.0000
  60000.0000   20000.0000       0.0000
  60000.0000   30000.0000       0.0000
  60000.0000   40000.0000       0.0000
  60000.0000   50000.0000       0.0000
  60000.0000   60000.0000       0.0000
  60000.0000   70000.0000       0.0000
  60000.0000   80000.0000       0.0000
  60000.0000  100000.0000       0.0000
  60000.0000  -90000.0000       0.0000
  60000.0000  -50000.0000       0.0000
  60000.0000   90000.0000       0.0000
  70000.0000 -100000.0000       0.0000
  70000.0000  -80000.0000       0.0000
  70000.0000  -70000.0000       0.0000
  70000.0000  -60000.0000       0.0000
  70000.0000  -50000.0000       0.0000
  70000.0000  -40000.0000       0.0000
  70000.0000  -30000.0000       0.0000
  70000.0000  -20000.0000       0.0000
  70000.0000  -10000.0000       0.0000
  70000.0000       0.0000       0.0000
  70000.0000   10000.0000       0.0000
  70000.0000   20000.0000       0.0000
  70000.0000   30000.0000       0.0000
  70000.0000   40000.0000       0.0000
  70000.0000   50000.0000       0.0000
  70000.0000   60000.0000       0.0000
  70000.0000   70000.0000       0.0000
  70000.0000   80000.0000       0.0000
  70000.0000  100000.0000       0.0000
  70000.0000  -90000.0000       0.0000
  70000.0000   90000.0000       0.0000
  80000.0000  -80000.0000       0.0000
  80000.0000  -60000.0000       0.0000
  80000.0000   60000.0000       0.0000
  80000.0000   80000.0000       0.0000
  80000.0000 -100000.0000       0.0000
  80000.0000  -90000.0000       0.0000
  80000.0000  -70000.0000       0.0000
  80000.0000  -50000.0000       0.0000
  80000.0000  -40000.0000       0.0000
  80000.0000  -30000.0000       0.0000
  80000.0000  -20000.0000       0.0000
  80000.0000  -10000.0000       0.0000
  80000.0000       0.0000       0.0000
  80000.0000   10000.0000       0.0000
  80000.0000   20000.0000       0.0000
  80000.0000   30000.0000       0.0000
  80000.0000   40000.0000       0.0000
  80000.0000   50000.0000       0.0000
  80000.0000   70000.0000       0.0000
  80000.0000   90000.0000       0.0000
  80000.0000  100000.0000       0.0000
  90000.0000  -60000.0000       0.0000
  90000.0000   60000.0000       0.0000
  90000.0000 -100000.0000       0.0000
  90000.0000  -90000.0000       0.0000
  90000.0000  -80000.0000       0.0000
  90000.0000  -70000.0000       0.0000
  90000.0000  -50000.0000       0.0000
  90000.0000  -40000.0000       0.0000
  90000.0000  -30000.0000       0.0000
  90000.0000  -20000.0000       0.0000
  90000.0000  -10000.0000       0.0000
  90000.0000       0.0000       0.0000
  90000.0000   10000.0000       0.0000
  90000.0000   20000.0000       0.0000
  90000.0000   30000.0000       0.0000
  90000.0000   40000.0000       0.0000
  90000.0000   50000.0000       0.0000
  90000.0000   70000.0000       0.0000
  90000.0000   80000.0000       0.0000
  90000.0000   90000.0000       0.0000
  90000.0000  100000.0000       0.0000
 100000.0000 -100000.0000       0.0000
 100000.0000  -90000.0000       0.0000
 100000.0000  -80000.0000       0.0000
 100000.0000  -70000.0000       0.0000
 100000.0000  -60000.0000       0.0000
 100000.0000  -50000.0000       0.0000
 100000.0000  -40000.0000       0.0000
 100000.0000  -30000.0000       0.0000
 100000.0000  -20000.0000       0.0000
 100000.0000  -10000.0000       0.0000
 100000.0000       0.0000       0.0000
 100000.0000   10000.0000       0.0000
 100000.0000   20000.0000       0.0000
 100000.0000   30000.0000       0.0000
 100000.0000   40000.0000       0.0000
 100000.0000   50000.0000       0.0000
 100000.0000   60000.0000       0.0000
 100000.0000   70000.0000       0.0000
 100000.0000   80000.0000       0.0000
 100000.0000   90000.0000       0.0000
 100000.0000  100000.0000       0.0000
